0.100000
0.108890
0.118571
0.129113
0.140591
0.153091
0.166701
0.181521
0.197659
0.215232
0.234367
0.255204
0.277892
0.302598
0.329500
0.358794
0.390693
0.425427
0.463249
0.504434
0.549280
0.598114
0.651288
0.709191
0.772241
0.840896
0.915656
0.997062
1.08570
1.18223
1.28733
1.40178
1.52641
1.66211
1.80988
1.97079
2.14600
2.33679
2.54454
2.77076
3.01709
3.28532
3.57740
3.89545
4.24177
4.61888
5.02952
5.47666
5.96356
6.49375
7.07107
7.69972
8.38425
9.12965
9.94132
10.8251
11.7875
12.8355
13.9766
15.2192
16.5723
18.0456
19.6499
21.3969
23.2992
25.3706
27.6262
30.0822
32.7567
35.6689
38.8400
42.2930
46.0531
50.1474
54.6057
59.4604
64.7467
70.5029
76.7709
83.5962
91.0282
99.1210
107.933
117.529
127.978
139.356
151.745
165.236
179.926
195.922
213.340
232.307
252.960
275.450
299.938
326.604
355.640
387.259
421.687
459.177
500.000
