1.00000
1.08890
1.18571
1.29113
1.40591
1.53091
1.66701
1.81521
1.97659
2.15232
2.34367
2.55204
2.77892
3.02598
3.29500
3.58794
3.90693
4.25427
4.63249
5.04434
5.49280
5.98114
6.51288
7.09191
7.72241
8.40896
9.15656
9.97062
10.8570
11.8223
12.8733
14.0178
15.2641
16.6211
18.0988
19.7079
21.4600
23.3679
25.4454
27.7076
30.1709
32.8532
35.7740
38.9545
42.4177
46.1888
50.2952
54.7666
59.6356
64.9375
70.7107
76.9972
83.8425
91.2965
99.4132
108.251
117.875
128.355
139.766
152.192
165.723
180.456
196.499
213.969
232.992
253.706
276.262
300.822
327.567
356.689
388.400
422.930
460.531
501.474
546.057
594.604
647.466
705.029
767.709
835.962
910.282
991.210
1079.33
1175.29
1279.78
1393.56
1517.45
1652.36
1799.26
1959.22
2133.40
2323.07
2529.60
2754.50
2999.38
3266.04
3556.40
3872.59
4216.87
4591.77
5000.00
